chunks: A=625 B=625 common=625 only-A=0 only-B=0
differing blocks: 28083 across 53 chunks
  (7 y-sections present on one side only, compared against air)

top transitions (idA:metaA -> idB:metaB, count, sample xyz):
         1:0 -> 3:0          4692   [(-40, 20, -23), (-42, 20, -22), (-39, 20, -22)]
         3:0 -> 1:0          4056   [(-33, 20, -24), (-33, 20, -23), (-33, 22, -23)]
         1:0 -> 13:0         2211   [(-35, 20, -18), (-34, 20, -17), (-36, 21, -19)]
         0:0 -> 954:3        1927   [(-33, 67, -2), (-34, 67, -1), (-33, 67, -1)]
        13:0 -> 1:0          1871   [(-33, 47, -19), (-33, 47, -18), (-33, 47, -17)]
       954:3 -> 0:0          1216   [(-42, 71, 14), (-41, 71, 14), (-40, 71, 14)]
        13:0 -> 2526:0       1154   [(-38, 1, -23), (-39, 1, -21), (-38, 1, -20)]
      2526:0 -> 13:0         1012   [(-34, 10, -20), (-34, 10, -19), (-33, 10, -19)]
         0:0 -> 954:11        813   [(-34, 75, 15), (-33, 75, 15), (-34, 76, 15)]
         0:0 -> 913:0         644   [(-34, 64, 15), (-34, 65, 15), (-34, 66, 15)]
       913:0 -> 0:0           626   [(-40, 64, 16), (-41, 64, 17), (-40, 65, 16)]
         0:0 -> 18:0          460   [(-46, 72, -18), (-45, 72, -18), (-44, 72, -18)]
      954:11 -> 0:0           442   [(-41, 78, 17), (-39, 78, 17), (-41, 78, 18)]
        18:0 -> 0:0           432   [(-38, 70, -24), (-41, 70, -23), (-36, 70, -23)]
        31:1 -> 0:0           419   [(-43, 59, -22), (-42, 59, -22), (-37, 69, -19)]
         0:0 -> 31:1          390   [(-42, 46, -17), (-42, 47, -19), (-39, 69, -18)]
         3:0 -> 13:0          280   [(-35, 21, -21), (-34, 22, -22), (-35, 22, -21)]
         0:0 -> 2526:0        235   [(317, 13, 282), (316, 13, 283), (317, 13, 283)]
         3:0 -> 12:0          193   [(15, 60, 119), (14, 60, 120), (15, 60, 120)]
        12:0 -> 3:0           185   [(9, 58, 126), (6, 58, 127), (7, 58, 127)]
      3023:0 -> 1:0           168   [(-1, 26, 28), (-1, 26, 29), (-2, 26, 30)]
        18:0 -> 31:1          165   [(-33, 69, -18), (-33, 69, -17), (-35, 70, -24)]
        13:0 -> 3:0           156   [(-41, 58, -27), (-40, 58, -27), (-42, 58, -26)]
        31:1 -> 18:0          155   [(-48, 71, -29), (-37, 69, -14), (-35, 69, -14)]
         0:0 -> 1:0           138   [(40, 33, 23), (41, 33, 23), (42, 33, 23)]
        12:0 -> 13:0          137   [(13, 58, 133), (10, 58, 134), (11, 58, 134)]
         9:0 -> 2526:0        102   [(319, 11, 287), (316, 12, 283), (317, 12, 283)]
         1:0 -> 4:0            98   [(189, 39, 321), (190, 39, 321), (191, 39, 321)]
         1:0 -> 0:0            94   [(190, 40, 326), (191, 40, 326), (190, 40, 327)]
        31:2 -> 0:0            82   [(-47, 72, -18), (-44, 69, -1), (-47, 70, -1)]
         9:0 -> 1:0            77   [(39, 31, 28), (40, 31, 28), (40, 32, 23)]
         0:0 -> 31:2           73   [(-38, 69, -19), (-39, 70, -29), (-38, 70, -29)]
      954:11 -> 954:3          70   [(-39, 88, 18), (-39, 92, 18), (-39, 93, 18)]
       176:0 -> 0:0            69   [(-23, 68, -8), (-22, 68, -8), (-21, 68, -8)]
         3:0 -> 3023:8         69   [(197, 51, 321), (198, 51, 321), (197, 51, 322)]
       913:0 -> 954:3          68   [(-40, 77, 18), (-25, 66, 15), (-25, 67, 15)]
         0:0 -> 176:0          67   [(-2, 66, 10), (-1, 66, 10), (-3, 66, 11)]
   3034:8870 -> 3:0            66   [(14, 49, 123), (13, 49, 124), (14, 51, 124)]
      892:11 -> 0:0            65   [(-34, 69, -19), (-45, 70, -27), (-46, 72, -22)]
        18:8 -> 0:0            64   [(-42, 69, -29), (-41, 69, -29), (-43, 70, -29)]

top chunks:
  chunk -1,0: 1889
  chunk 0,1: 1415
  chunk -3,1: 1327
  chunk 3,1: 1236
  chunk -2,0: 1082
  chunk -3,-2: 1070
  chunk -3,-1: 1056
  chunk 1,7: 1043
  chunk -2,-1: 1033
  chunk 11,20: 886
  chunk 2,1: 864
  chunk -2,-2: 824
  chunk 13,5: 823
  chunk 1,8: 720
  chunk 0,7: 694
