-9090024975407965874
-8961934308682162858
-8898019917169415289
-8790602067241017142
-8622628182362538632
-8494295640161562321
-8462503657986418155
-8158449872478893761
-8085914287301557748
-8020995380757100440
-7987282411729221528
-7821325213705602029
-7776629073946910673
-7446149070835345584
-7414936741935870386
-7382574216256603719
-7333642493457405589
-7135709897362893355
-7052349999180009321
-6755570013270238026
-6749738660261158983
-6588393237702451894
-6426514739661012536
-5625186414282691440
-1636594104014467454
