-7269948338495788698
-1297854885530077460
-8952052010658893278
-8607522308064511141
-6244135143557849758
-9107171013753322724
-1497857703099570772
-8168323205341578169
-6270331762397506834
5640528374229792510
9010894773932737588
754300914653007805
1261249498889444331
-4311632008425961176
1787392483651679624
-495428158958937458
-5820542125100895415
-914688528032605673
8092628878559311603
-5407451111107001215
8456817873093103234
4455632528278503565
-597980941263995677
6804657220102240981
5159601364152385871
8196260700682203748
7613136794550514930
-3176475612376243145
1504291569863501922
8883663155339257787
7117132976299143060
-2322095815670481316
3306128649649680565
8373619616442976960
-6154538817930243779
5601653643474540034
5350238216294834844
6405758488660130830
5259604390155278211
-3496510879150283121
7444558455070544544
7663188517877758211
2333585222180129931
5850767037279563413
-1797990193677610238
-3602937312285331951
3663420069957137088
-644490098508578870
-2546394943965234052
-74324147406730800
8030454184186469161
-6701391002807803687
-5906397841852343037
-4011577008245302542
-7448908059998482089
-6292213143640744246
788014305712227817
8714553887829585232
5212781571973842902
680539380339649850
4214085290240202253
732230160924941311
-5287293862430284723
5823218153178521498
1737259525841610519
5858590157572911211
3951769169156140164
3314854442072479693
6448274471135530858
5878993889623039718
-7686485693264266319
3804623792610097511
-1972647520068515518
5412473539828096254
-8960299649260243161
-2022754044532931355
-7153859833546089334
6240799579810630379
-4153068366576178603
655064134189255629
-7064285392796666182
-474638338742046264
285177397708394246
8297201904528156298
2688972955963926994
-3217731124618795592
495433077778118046
-8373525884409599037
-4088467415918199481
6148788026504017399
261155990197320239
5620706467660691899
-8524451810853066663
-3949290805694769950
-7862515935299450322
6064432735849280340
-6163690810841001478
1940420392431506719
-3392267406352736498
-7294175169196124925
