545702619356119891
553627533422659245
-231136394194981719
-3091061312794574247
-3866760402242128964
-4200731822819946681
-5355076076891543691
-3512397967423374803
-5508387281010597512
-8517569268635804436
3535065440267478920
8209994272622119359
4093156632612084833
7807626734732344893
2424441315326906444
-9076107820172883703
3194073889762603521
7656196997344940947
5595686608632629897
-4793609137643789517
-2254506781601596960
-8129730171430563803
2039660103668340955
331488291868112842
3784964002270170108
624581134431611377
-2672910028386462298
-1399826452606818972
-4836486331909144119
-5948802575186650791
3017365446223544564
-1699661591520011886
2264966528586066068
-4918413866155194835
2539265119761348090
-9043736648462449445
-5835960469952199631
-1181858787884831650
957761555640769763
5061013762026497798
1285219475844288237
8129254969810941259
-25616001490522100
3648428088879205638
4623555268818277790
4613813777228336639
-1214104336670933034
3317902793191877312
2194269076478155646
-6901360551294178371
6875251280777354137
3459082007730224561
-5854433657314222617
954477745494198810
867742883853993079
6891847710477788030
-5030159206326481922
-6090836645231485813
-4022701185051790715
-3659947606267584773
-3452705500166896685
-5769539541240502682
878812217348569370
-588805356382311857
4888590479074403096
7095513010014528902
-3061590208137797516
2474828906448763432
5556996093738979729
-668087893703034647
-4271000560098737380
-3142485033118337438
7604929432517717970
4657813734635134201
-7033227874406321599
433220285626117825
-6577442869455283739
-9204966960813362538
144502277604908872
7074845315125634737
4795517983374936606
-6628722011521947679
-1122760597759585676
-3349337966872941073
-5019553760364625880
3477012477214603966
6277963337292823706
6061609031065226317
-5330023274605787211
-1412727902844157337
-3627195549899553281
-1409529107416301256
8097567181672421242
603844530260416371
-2034873901658503258
7727977937844126116
225736430488592045
-1820661534518306305
-5500851865570346675
-7079420705678771091
5130310843447102086
7134826682664974675
2308126046207406504
-6730255817230919509
2364409600484208513
1220581890487800183
7742770952409995892
7996387221211297220
6964236371200903778
-2599597500219695677
-6887974039860121411
153527894959732801
-3119668682579408242
-2847260958275989006
2085572292553304855
6629459971175497177
-6869972538948487411
-278192217670705541
1424042277654610950
4479045542376981837
-8263980794945076032
-7306029549907584475
8849105399004068558
-9087492333609874482
-6192787156969821065
2544757782197437732
3680805092322817066
-3013484044701601670
1823070071198845942
3183052859040601153
9128670922786841669
-8612942506443998187
-2651780899426646284
6406299252707879650
-1797405658177522271
2258919710229114004
5267088357034472605
5866649550447996024
-670396231831959138
7443772456272185177
-8207472887119773440
878494931256106641
2029157476104879949
-182230154478258771
-3961665889531550714
948443901674266276
-9109487739304392476
7602496086664269545
3382589324261269809
-4977495789304942362
1227353263463982117
-416671982154611597
-4145627845342596487
8821097426895840322
6447942189294602971
8133450531681987717
785582999258997752
8350128760507818601
6949704516496952894
1245561901423442807
7553785014469340947
3470868862039590631
-4193285200340032578
-4599717550210241185
-3178433070289807993
3758913329942169677
-4941589831518620487
6715717039888344589
-7925353409222242073
-3392138187351865884
748940052060137639
2849500111931864864
-8845246017642153139
-3256177365945261054
97465460191713448
8828956521197017274
2055122061470764827
1377170037590055880
1205871910818538097
-1051202881197987420
-4660936756043638873
6683288242803451675
3703534156624014591
5751453334235306829
-680761740355311566
-224979330495538220
-1489835693216610068
-3482186943694914413
-8939093304661725123
-5039506151781618933
-1477329567528073965
4626223870758620378
8879001618622963452
429784743862726384
3500156834605080178
-4233822575694767899
4578628401881477093
6773601925877169955
3904865047636297131
2803699522908492652
8342127734388845095
-5075564149546654125
-6603807615347465860
7165267512773196825
-6815204040069315641
7458012835925679142
-8259264144073216573
-1867839594580153259
1559648765170008644
8426623706747645497
1062978608219043041
4462914306996508557
-5142071417379466060
3460382703436536483
-2946527819294727436
8236267025565327914
-6845629333388067679
2365536730011107255
-5478881709433500336
-8393348960612291546
8223832200397262981
6029744164546782077
6572281498440243579
8735271597903288119
-6303910478071389829
689373590252765326
-6465022021151572731
-8218977159935493465
4465949004344629043
6583781922312940222
3433338193152391060
-3873226014923802941
-6486536035355598897
309756962537106576
2140602809158246297
-4440490177599544876
-5612076186000644773
-5943417728644943031
7141182521663590174
-4625645620954937442
-7288873381300404011
3297040695482427992
-9090382374393439166
-5165688187490199752
-2428787786636384741
-904661996717446652
8206108270584286854
3135474846047620588
7739956444760326030
-7178171084660701860
-2909148687159296604
-5601291463151005790
-55115976603548790
3399916696199362718
2842557266760280292
1591978983373741845
-2520098908504139614
-5490486020566111161
6082160037261116567
6745826435029570900
4553096813429399284
7162114718531755362
5370852702176510847
-2085025852757681018
-7099857357146132201
-2428582662416276296
5078740414195711635
2166409800422967119
-6287110162689014527
1727762806033662417
1569118377874227096
1414843377087821287
-3040199924479239608
-2130887241442181697
-5507678553992361887
8872508038900025714
3295778378238633542
-5797597378729708907
132736365098201445
2724182220013006407
-6481071391129148785
-1353332621595608648
-4516679457974378551
8840990265963163195
-7614317399951106177
-108638451995874397
9147728680257643387
-7530413902654203228
-929468764316256007
-7950733840685719063
6214803898613065187
944623005278389159
1554546834256292446
-7371735304568086272
7908589873669908368
-7921999940387132376
-6675699021395883023
-6142868940046305699
3502676190559966061
-8891576471839021445
