-9209513996932826795
-9197101337257094296
-9169759695459592464
-9128247601100460882
-9087904734420420665
-9058865932473433320
-9047300199734641859
-9034944966880880700
-8946135247911720398
-8880371607804493292
-8847477343964567737
-8838062691079275695
-8809710494808703071
-8809418549814159030
-8757480180691333306
-8659310158756952958
-8544220641262012888
-8542342787436190739
-8537829158725332565
-8500846476051191907
-8475301084357209983
-8463345715524490668
-8441740154136699881
-8422251271193918368
-8414552743282103667
-8403186742633223478
-8300827877326698564
-8294667358184576189
-8290107586127893261
-8256192112337948247
-8236229200280168494
-8208229659756924307
-8206307114139597813
-8186388526290177455
-8171933140185068717
-8110757547589789478
-8088092605226203234
-8074474167483272242
-8039168905736710628
-7906032821301678660
-7903192629086019739
-7857299628121399756
-7826436434681423490
-7818693709461922447
-7780874135076511888
-7730390323153505284
-7721527402822820672
-7691639338980292715
-7673859978548149456
-7626205052919725973
-7624102260070402219
-7617521326565559161
-7576475360899162975
-7575161954348782214
-7507366858306108085
-7473550069364118967
-7437772171937793864
-7404498638386717740
-7291305781481831914
-7279104144464795139
-7234766870273698051
-7172659019098165744
-7166469410218336809
-7162471878536798601
-7150031957446065528
-7020929123017055961
-7019971718021482031
-7017534962335025683
-6998026577449835226
-6971077624875824669
-6960815194496263231
-6959409464951638757
-6921495432630956803
-6916634043642145647
-6900729904460720953
-6851198747835820451
-6818412593596523935
-6786741537852957221
-6732401253700601819
-6730611783056127555
-6599082013477228999
-6584053359188999895
-6582290558158230138
-6575163099198403318
-6474429288164252980
-6467898776594291920
-6452579656513073058
-6361977451118432221
-6177293440869514842
-6160834084585512709
-6139074044715983289
-6124822008576251712
-5963577829371924427
-5916729435187089152
-5911354102494023211
-5855780248906309298
-5793031437078413782
-5772474397919419390
-5771817925776628043
-5671294979200828981
-5667507018837837492
-5645891717106444536
-5629699759965344114
-5569841440511161737
-5550586860293564459
-5470401132000967432
-5366063833804917288
-5360212029015956359
-5355839472808723419
-5306007190833287345
-5296841030494516175
-5199405041021055190
-5072737284058239558
-5009770846234521771
-4981917365503864220
-4971626919271470309
-4910351652500308050
-4884300565146689239
-4858667096167234317
-4850815594592372544
-4833135003796354535
-4825203252536906796
-4801596551082279644
-4707716671744528305
-4676885586890350921
-4637405399381635179
-4627932740069006263
-4598493961354524577
-4596450443555556537
-4401535202142454404
-4384661160318024579
-4357051491992065262
-4341761122521892882
-4333059211101848181
-4304164808858752720
-4287934861369173578
-4287017820520314493
-4275111766158978356
-4242957914473881950
-4190299989760179279
-4072083531061208956
-4003053250348805534
-3972197490835416954
-3955059825057579451
-3939993579979909915
-3920519403811815284
-3880349999296317152
-3834833080047890774
-3730422047909403596
-3714794783887873861
-3711560890915952878
-3691771533144628066
-3651843644446234972
-3641699214916894598
-3568586615204792146
-3487399682522080081
-3487332661007157756
-3312870596887951991
-3206956095596774774
-3185514538067236150
-3152959870442483978
-3150036598668171969
-3139995890346134274
-3137980574933045088
-3071223023930658761
-2952944668053225533
-2894039562381285371
-2889878550589723141
-2885432153486819422
-2881555441994036480
-2869135905201515288
-2807886898718402085
-2797044283950493040
-2561725073451755917
-2529693095783733226
-2495181694978807080
-2491512457801084803
-2435185383769977497
-2415963646649997570
-2409005673512167392
-2395862920018985720
-2314971431483722530
-2309212342786387038
-2250054567622301216
-2199343366548229926
-2169990397644372151
-2112397430288431859
-2078946795795209251
-2052409251543396299
-2052172536927954890
-2031338747443162128
-2016247557404181622
-1976236030387082695
-1968349485088773819
-1938752104653359381
-1657107691520865593
-1649077087391580929
-1603021082288243817
-1550609668121023252
-1529850655370062488
-1463538859548951658
-1462431568719827768
-1407853728574412131
-1405871137960070424
-1385374081872180319
-1340252604275059574
-1310445317244772706
-1235644516855502837
-1210227293462773835
-1195335457256584240
-1194222444325872612
-1184453698419272466
-1164353352313392530
-1163280477597681319
-1162246012320538362
-1062893943123037889
-1051966144305540495
-1046346699993762900
-1033364352646058276
-1019705926169849088
-1015897797751047335
-1013567268647217864
-910753048955194214
-908951282336706457
-845860506121565565
-793299186578399301
-754560696563895747
-560780683459140476
-550998453868650147
-548613419263540367
-493817163986337301
-464801035188272608
-400873023000728177
-381508029057541458
-368463720083761377
-295753402855724846
-274072260883626396
-229170385207136460
-159332021483341516
-61073561999733666
-43594642911934839
-36881086250527931
-22556479187380124
-19883415178889647
26817240157411033
48461789697375778
72061629980851193
84209014669232230
149231530632809275
171824848491645392
192958835197596309
377675416704092791
439852959865011185
500919940547649397
502575489311583641
518381441661489440
550492920073838366
551942533510074056
570758866048427304
595439976934392717
601986652333429590
677965672040712250
683617285952012135
709962739831508028
729845720258278299
729932090979806785
742959114989343260
805742485780751855
834992320114942226
868295176045534533
952078510998895712
954464852563191345
1069453751775330551
1167123458520622923
1193101620403947367
1224221222347553195
1225953699079874501
1282155044373960775
1287809148507003575
1322001574627031493
1461369225348647262
1466279966187033096
1547104530742121575
1555291854748144643
1581317053494520226
1590313458895289440
1644931617226375871
1664422297063455462
1714529595922238024
1742604394499168563
1787882041384307296
1835073540873802158
1875389304053208921
1966898916005293490
1980766335094685786
2006976343437881419
2063069964955891121
2122145453932214092
2184271405318298205
2204803171739825007
2307231524606179202
2345232443116117637
2352373723211701525
2397120238759774528
2417989861864856570
2419590236631208714
2423260361656201257
2428699436805873140
2506435448262195567
2515021516273084775
2551108959382425444
2609938641077055367
2652748144554593243
2700498837430282721
2784587319067511110
2786296333409996190
2791883839410782367
2800206938800885351
2816256323085156533
2837040685319525809
2843206169625036926
2880542084842473564
2906334207868485137
2988175515584633128
2993135980118895722
3054534458571114944
3059486855988382484
3122979885286055112
3143820538346112958
3151607999829206611
3221090084997842773
3280072330634743374
3285625087145924807
3308791198781782176
3371097507908623741
3387861665868211436
3419814069321073020
3480000598248985158
3486247228820718161
3496620777032234903
3516796219116415784
3551924841678043990
3588859091254928146
3750261177729239754
3789502521842485045
3801819643458768117
3817647270503495619
3837396793958433173
3904188258347991676
3920476901493109605
4024316526099411245
4027456954559648951
4074458965351687689
4081879498682162548
4099148397796764963
4124044431164799030
4141571161458268177
4158735141908377332
4176485096796786887
4193594480878991059
4195291135437323439
4213050638980884474
4236664380293228422
4258903143861213782
4269896556445882116
4296651285192363171
4313998523126312032
4326616367248214833
4330740079779661830
4346061493022421517
4429509377930428133
4445714856894784355
4484914080245571301
4562699602090137935
4574206488993031489
4604604590250035024
4653365428956432053
4658660141198788900
4692328241106435845
4744738945665888835
4745040727900164466
4752158859511760812
4762008092696042938
4802049954103146822
4860290783018546627
4888033161728169916
4895582199343563019
4918940245707745052
5083295145533777137
5085207517872377140
5353127065837729044
5384870107943003900
5441145275454525635
5458203162215257965
5506677582441621035
5517575914455380906
5522207849232614853
5534806593328018336
5543624830228121664
5543757042837154000
5557823460190924497
5574839065947542461
5604379113771000438
5633762860091968654
5715696120854043961
5754205951434627073
5766672339941831399
5806714927441996339
5968397675105295233
5972281638661698044
6021189956002453270
6031799843324605910
6072662627751809667
6090946697231883216
6112458320190958714
6133041484125538889
6160294202679851768
6188496653795539984
6282413004006347177
6304104028154708538
6384138999401643689
6472938216904979843
6476873043269174474
6505973728932976581
6565188088233244237
6627142707272150495
6652285771810508823
6744726808244780054
6793090618578873351
6814710447323823397
6860614790351296119
6961906882586343741
7054249023016722202
7131413580818736541
7215075441160204514
7227795359446444939
7232265470796198253
7261029179384959832
7313768014407080418
7386624511328796775
7434517841440955051
7459102578723572810
7491157727708742224
7496023765557941542
7507119865881797256
7552606737400997800
7617923556913802149
7621464764758431545
7640074910656222467
7691045604788628711
7717341632097518068
7730213928794060449
7783158860126388285
7797387803659428663
7805957888027879951
7815006419592289105
7876811593347281001
7902967611097950555
7924830687154452051
8006095739886710564
8039390209624315621
8067966668674817219
8079910865273713111
8169792627955166626
8201727631911976758
8328624889441570369
8355873138966639239
8410485050014350611
8426906164709970434
8429335870389177520
8429560071780311364
8443091220362300398
8445131457558310713
8447857868991913322
8489031956618803897
8510421226996879962
8545400206513426818
8559201743950732141
8586480454546642100
8628117875700920788
8677772372463814045
8691121672739244733
8701135635106848754
8707240553184010320
8717834884390132344
8761951506724183176
8768192321735481368
8790368211375331467
8792445867842186991
8802434858537267693
8857679703392895132
8920402051788039464
8940021382259521390
8964574513976983399
9007344295626477452
9012115032275897275
9099183720291147222
9114611851263726160
9131209645589995820
9173702498159457573
