-4200911847324146290
3021310746042564668
6990257583495615354
6050302653589433739
-6730608383224837443
-5823760964195377562
-6824701950502193300
378924944544677535
1063499434015914260
-3241701295131492004
4069007721914626063
8741533953493846530
-5701115456486865835
9210594786780538363
-6003779010655133861
7384105276696703464
6524672164801088653
8008680738795494897
4451658752470091143
-8402786640858994936
150767344286379792
-8621651154302278749
156502072259439337
1094928252627723502
-7787469376349117156
8189374929649964951
6192581871560749703
-5192939724097862011
-7512289368037185674
-6117160174388678645
1498630051296272380
-1276717398721608071
6637733806203092342
3702225631330466594
4804475947457290467
-202608431672177258
-7830375657549490620
2829790720630320894
-403453466132969885
-7012909264115588090
791436537085119080
503303735101447367
3051321389037323112
6872567331248503770
-5773441276167317057
-4986994204162656490
6444403493115971230
-8513614630779696466
6468875614594318795
3795001866715891881
-7069205194849820114
-6598242125610691272
6359278215573222059
-238380810631947993
-6297477933076493210
-7478703373230770008
4721612084296620927
-2698366932451210293
-8926160228483631391
32157310200507770
6290709698353551066
4488450173399500881
1458095370421637687
-9140306548239522499
-8853357925437624451
3389752272099897005
-7855306077481482575
-219402219993723289
3680360640328585549
6418721124612001512
6071853090787583480
-5848111567763080515
8330732977154720383
1522858808503236450
4690020144728199841
6011852154262266861
-1039858214192822561
-2388854553149552311
6778335230308340390
-2513715899276274971
1097209738043576283
-4351128084556200602
-8424649380506336142
7130971957106601245
-8327073449578652073
5438441776584602728
-2256108840069472644
-6424866709457598922
-6665050330359197183
5567479246977350797
-8435830526419234683
6634487362576229953
-376867882547144922
5694327928324233433
4858939924883395394
1141421863152804269
1522896176578130717
-6726881771589593362
7080247257875832185
6515652637330767529
-23972788785503896
8330444613237566327
5452133427703572987
5451809100254110554
5795439714203667243
3658985980771588561
60034485919646179
-3516845649661335210
8008652840577257877
2605983761632899462
-3689387303322036685
-563390153655710250
3063185166460299786
-2533665392317073278
-2171241878282760967
-1491645837151842142
-1786591180219591119
-1658614483420279319
-1935403380021325966
-3885822837215204008
-2035793951333704829
-816959905164998422
-6858294351058408296
4715271048469887093
9038738054461071043
8732630212105484434
-4904811656277145267
-7780218589189555930
-6876820736721015494
1997403278915937076
-6229099347175713350
-8037550810727811586
3574068697852510144
-3195071031924634623
3418357584252107957
1385087354799584469
-8884258513602941948
-7909781054509733621
5823096919088997834
-3958359862287242887
-126658277575036103
-919054877770210457
2134449771658396827
5081814825621226394
-2905422535508356728
6735617033133272918
-7903534931972406823
-4551619417263198294
-9144641304562857024
-7913783764962030807
6455922607800359064
-136884179766062436
-8743150573578439017
7914910845182615862
2849584796092768049
4328518699528112652
1896885776668944844
-5572039274349243728
-6404160711070053302
-1747581823314320177
607305733164029974
-4214822391417790037
1982641464397244017
6723500657170242404
-1517260314376670064
5380112983146000542
4842403886854324691
5944819130320530344
-5778669291350358628
-1221968114991198885
-8624274347393434225
-2846489116401403350
4066607908633498819
-8063747600948232698
-2966581419359872490
-4620108599669956311
-7416732488488962243
6101037163597345366
6630705999381981476
-7790253117969487074
-5632015441634096286
8247933864990942036
-503161479358171315
6117526357594869960
1651559853817255965
-4553131552954369305
6913938427788892817
-4545150333150271533
-7596472384865313879
3370831472776189475
3600038907247325407
-8813542352960020170
-378369744667093917
-7319041319223223101
-8885130322945026476
8175174967277574176
773801900628872579
-4690280922002769650
217031869655972336
-3649780941642537873
-406159870366214236
-7457286636822766131
1846583062814740318
-5951402783334323411
4355392646852906957
-6504989963596612419
7778077969848571251
5274316559933349033
6399965433295307563
-633109272236575604
7799975840257509429
8377031816271957641
8038992388927090264
2963370427742664948
-5286666980390706378
-1583745758920587040
-1866514594178033573
4941852743226225416
3330080970779812195
-6121030425298768182
4382066764144775191
3904514797936629154
8517149766877044124
6097025069667264800
7580968540093759058
-4826219993890915747
-2115832552239011001
3818264218061559677
999449939245497260
1084278783679982973
-4243349076901372882
-4839481351454461293
-6681307363797098832
-3833489944482692484
8899583406171995781
6630047571456863154
7356283956579223184
1398695068047176524
1815005199837671475
6634498745264666214
4756811202890114535
7835710578459492733
4391370961236842348
-8921879212190851597
3637974765869570236
7677652755947205980
458752176053871331
7860773078195456475
2142442646923916563
8227580217784661425
358021323840399550
-1939426933376415560
-5911980967474070320
5251078530290561601
5878160664260649563
5167205814309526060
5882391937861682518
8537719898299839037
-7416668701759132111
8831667263198429705
-8409599307097343579
7208625786121039050
2121690394445805541
7108633353203178341
-2243530683110550036
-6009553890068163261
1575416677996499315
8859241608576984531
-3645358299052005386
4689349298357600674
-2939832925136928011
1053314305750088003
-2227512291696813289
-2829346565791814745
-6792049992554898129
2688476625159222795
-6452724671545332464
-8702498355978545543
6364382570634438835
2130633162226778142
3989086681877881926
5494636154983452765
-7534058928311691027
-8477506137206805044
7469120004542859747
5166130485329290120
-6026364856509307320
724617119010592217
-3903406225374440059
181318722376753731
6380368035737115598
5862204473208769843
-5121984441193964932
-5182861049009395947
-6359516740351091234
6959064913830730333
8597461636144353326
-7024964036033986591
-8230879173969567355
5753942120811210062
