-9090024975407965874
-8961934308682162858
-8898019917169415289
-8790602067241017142
-8622628182362538632
-8494295640161562321
-8462503657986418155
-8158449872478893761
-8085914287301557748
-8020995380757100440
-7987282411729221528
-7821325213705602029
-7776629073946910673
-7446149070835345584
-7414936741935870386
-7382574216256603719
-7333642493457405589
-7135709897362893355
-7052349999180009321
-6755570013270238026
-6749738660261158983
-6588393237702451894
-6426514739661012536
-5625186414282691440
-5451750508325145146
-5199698841343114635
-4945021924001443410
-4241258393670158362
-3611849955765832198
-3551779052894195561
-3529932485641430128
-2978686980132604060
-2589588417445176855
-2008756410352745943
-2003062042437713725
-1766985412321228328
-1675073004110402533
-1670582503064476108
-1600074939872311270
-1530307841189529969
-1364286357252497852
-1360794497808903760
-1296294381653494912
-1118583900525172127
-869146716672205965
-623587768645850140
-477519953740119110
-325645020019003262
-286423469865601226
-44986658990983367
294282871878503280
490532695680262630
613237545341465165
1125180179814631583
1319784479884943309
1496720994474000294
1604687728174978089
1662204329845889510
1704604229324101899
1778227375826267374
2388624884810169508
2428807843547364718
2543188402373209072
2935989820690572723
3631831178854783541
3707989806936701011
4233283328737292699
4403169046063099793
4570398430311362839
4595175608774218207
4619195910796909679
4755183324388885121
4837297668647608513
4888825529017142204
4899640489151430336
5080816842407982058
5172686789439626427
5276402657030804475
5545720283051038759
5584831682639266804
5852189209192508691
6228139464914664611
6426410176010016072
6818368090363136384
6904765138960926910
6962961807334817408
7022442650997512001
7066592863814697627
7105053114565241832
7167431734125857760
7280737897860831472
7284846039610878667
7465088251470040073
7478412487419236440
7664743641604228809
8082534168095038180
8099811579202651351
8113350524946093879
8442372849129502216
8600125577506960767
