-9045618902121092764
-9036059850919950439
-8876773445517424508
-8814471209762654033
-8375163980385907461
-8329932217120590846
-8128496101372830432
-8058413431568571301
-7749589193669701575
-7723301537928262099
-7501923827620456827
-6961828609614383911
-6875618465292064081
-6456811075650053520
-6384222425671323711
-6018658058675564021
-6005320004402178064
-5982166890512935511
-5885912385229491399
-5649052123603942624
-5335471054725745989
-5332286994502633271
-5155902594692692791
-5151871505586174466
-4998519617684785961
-4803800970719973923
-4773874045020467399
-4712386516447128938
-4685163465122910039
-4662597091942375752
-4567446108200016326
-4522480838073815124
-4292570618314452727
-3971264987975608659
-3689050759411062303
-3664450916642278318
-3404795777134199577
-3278016296112332308
-3084395840844933138
-3006335290783700355
-2887608223579290551
-2538296233736734179
-2531654378294721959
-2267533753475038914
-2141396568824522398
-1978150056996810275
-1970153853471608490
-1928075425257965307
-1686651722362141704
-1637771435798484403
-1584172426062337150
-1506456954427709227
-1358857578161344892
-904248897151298958
-654585961519173810
-140962619765654620
-82168632458244634
-58693568489246215
683003612051752707
843091493874390094
923858684413964080
1067496330596457234
1403914153417238550
1802095880286325217
2072071484801874014
3071274393862211926
3385926207160601946
3614880787417684595
3758364088775980858
3947989238847598964
4186463514579315868
4220729747078396376
4322967107265686856
4566436638249696502
4576781090642819475
4791126395275065997
4910272802467997674
5503525668688187365
5521626378722283966
5584826310312240594
5615518881210181635
6001626409597999187
6096919243165837529
6515773378833397336
6568269788055843691
6716405882082652153
6933306029589503025
7196090596524829478
7257230440135050061
7631596407320739337
7658695961210901618
7814002543943221793
7823748794644995559
7885233578027705474
7967921809918711057
8282202754514055588
8360750306898766527
8605150538624813374
8654904431098673246
8861995282181013974
