-9134868159285586780
-8616111830309247060
-8430182507248004684
-8205090668427371679
-8183388490179543409
-7917306460726814101
-7818553507194592985
-7694800799903766978
-7667455091681444871
-7557517475003979190
-7492604862942093501
-7292798865955069551
-7253149432498160036
-7189793867475640060
-6354277531409317067
-6352788234852945697
-6245107652441124884
-6010113836850633573
-5947668963799667927
-5724220352412787285
-5560371701655057726
-5459739373985596318
-4948137169174295113
-4908031846549391177
-4749785907727449511
-4593327449608752543
-4355253844692909975
-4335282962608207037
-3865555389039196380
-3109685019951030159
-3036610613526718088
-2584439105843336574
-2375735496754370756
-2286424568502600151
-2141974186261412086
-1937479356182382748
-1703307559231276657
-1501259159663517643
-1325527679989062962
-892740004306678012
-684978670731901966
-400459109355062882
-162377473704435068
-81942636646973654
130703910759220319
271830834842575342
306583669345867464
369424997781899764
1234281069009742847
1247547697675760933
1388368185441305752
1444517976625672257
1498422678568135718
1505740170096941174
1978677187998489930
2019122058275878281
2163226129513661924
2298699166511514161
2329007190486186064
2680054508831052542
2909310663617631468
3295475613269004193
3369054113502006643
3571206582465486800
3824352019895202291
3839789686936116759
4061752275674362799
4080349686053494364
4164693442371547533
4315407812007024671
4417514131670486891
4825397178587162524
5301009110707274937
5508070962952283154
5510927397407561612
5578748170424555254
5686746224030070763
5718602230775982636
5827885093747070467
6125879405736987066
6187500661916724585
6278506169702953675
6361563413550083998
6396536748929891275
6452005019972851718
6622017623611591764
6976932891849666333
6995704956229168127
7009801241738859785
7195877701264183017
7808725693760496769
7997664913243000877
8305374595858053753
8455461808374931376
8507901934856571549
8781375415735810559
8782085915795817030
8953631565536292872
9070505631601760764
9082145801287029604
