545702619356119891
553627533422659245
-231136394194981719
-3091061312794574247
-3866760402242128964
-4200731822819946681
-5355076076891543691
-3512397967423374803
-5508387281010597512
-8517569268635804436
3535065440267478920
8209994272622119359
4093156632612084833
7807626734732344893
2424441315326906444
-9076107820172883703
3194073889762603521
5595686608632629897
-2254506781601596960
-4793609137643789517
-8129730171430563803
2039660103668340955
3784964002270170108
331488291868112842
624581134431611377
-2672910028386462298
-1399826452606818972
-4836486331909144119
-5948802575186650791
3017365446223544564
-1699661591520011886
2264966528586066068
-4918413866155194835
2539265119761348090
-9043736648462449445
-5835960469952199631
-1181858787884831650
5061013762026497798
8129254969810941259
-25616001490522100
3648428088879205638
4613813777228336639
-1214104336670933034
3317902793191877312
2194269076478155646
-6901360551294178371
3459082007730224561
-5854433657314222617
954477745494198810
867742883853993079
6891847710477788030
-5030159206326481922
-4022701185051790715
-3659947606267584773
-3452705500166896685
-5769539541240502682
878812217348569370
-588805356382311857
7095513010014528902
-3061590208137797516
5556996093738979729
-668087893703034647
-4271000560098737380
-3142485033118337438
7604929432517717970
4657813734635134201
-7033227874406321599
433220285626117825
-6577442869455283739
-9204966960813362538
144502277604908872
7074845315125634737
4795517983374936606
-1122760597759585676
-3349337966872941073
3477012477214603966
6277963337292823706
6061609031065226317
-5330023274605787211
-1412727902844157337
-1409529107416301256
8097567181672421242
603844530260416371
-2034873901658503258
7727977937844126116
225736430488592045
-1820661534518306305
-7079420705678771091
5130310843447102086
7134826682664974675
2308126046207406504
-6730255817230919509
2364409600484208513
1220581890487800183
7742770952409995892
7996387221211297220
6964236371200903778
-2599597500219695677
153527894959732801
-3119668682579408242
-2847260958275989006
2085572292553304855
6629459971175497177
-6869972538948487411
-278192217670705541
4479045542376981837
1424042277654610950
-7306029549907584475
-9087492333609874482
-6192787156969821065
2544757782197437732
3680805092322817066
-3013484044701601670
9128670922786841669
-8612942506443998187
-2651780899426646284
6406299252707879650
-1797405658177522271
2258919710229114004
5866649550447996024
-670396231831959138
7443772456272185177
-8207472887119773440
878494931256106641
1823070071198845942
2029157476104879949
-182230154478258771
-3961665889531550714
948443901674266276
-9109487739304392476
7602496086664269545
3382589324261269809
1227353263463982117
-416671982154611597
-4145627845342596487
8821097426895840322
6447942189294602971
785582999258997752
8350128760507818601
6949704516496952894
1245561901423442807
7553785014469340947
3470868862039590631
-4193285200340032578
-3178433070289807993
3758913329942169677
6715717039888344589
-7925353409222242073
-3392138187351865884
748940052060137639
2849500111931864864
-8845246017642153139
97465460191713448
8828956521197017274
2055122061470764827
1377170037590055880
1205871910818538097
-4660936756043638873
6683288242803451675
5751453334235306829
-680761740355311566
-1489835693216610068
-3482186943694914413
-8939093304661725123
-5039506151781618933
-1477329567528073965
4626223870758620378
8879001618622963452
429784743862726384
3500156834605080178
6773601925877169955
3904865047636297131
2803699522908492652
8342127734388845095
-5075564149546654125
-6603807615347465860
-6815204040069315641
7458012835925679142
-1867839594580153259
1559648765170008644
-5142071417379466060
-2946527819294727436
-6845629333388067679
2365536730011107255
-8393348960612291546
8223832200397262981
6029744164546782077
6572281498440243579
8735271597903288119
-6303910478071389829
-8218977159935493465
4465949004344629043
6583781922312940222
3433338193152391060
-6486536035355598897
-4440490177599544876
-5612076186000644773
-5943417728644943031
7141182521663590174
-4625645620954937442
2140602809158246297
-9090382374393439166
-5165688187490199752
-2428787786636384741
3297040695482427992
-904661996717446652
8206108270584286854
3135474846047620588
3399916696199362718
1591978983373741845
-2520098908504139614
6082160037261116567
6745826435029570900
5370852702176510847
-2085025852757681018
5078740414195711635
1569118377874227096
-3040199924479239608
-2130887241442181697
8872508038900025714
3295778378238633542
7656196997344940947
8840990265963163195
9147728680257643387
-7530413902654203228
-929468764316256007
-7950733840685719063
6214803898613065187
944623005278389159
7908589873669908368
3502676190559966061
-8891576471839021445
-4200911847324146290
957761555640769763
3021310746042564668
6050302653589433739
-5823760964195377562
-3241701295131492004
8741533953493846530
9210594786780538363
-6003779010655133861
7384105276696703464
8008680738795494897
4451658752470091143
150767344286379792
-8621651154302278749
6524672164801088653
156502072259439337
1094928252627723502
6192581871560749703
-5192939724097862011
-7512289368037185674
4623555268818277790
1498630051296272380
-1276717398721608071
-6090836645231485813
3702225631330466594
4804475947457290467
6875251280777354137
-7830375657549490620
2829790720630320894
-403453466132969885
1285219475844288237
-7012909264115588090
791436537085119080
503303735101447367
3051321389037323112
6872567331248503770
-5773441276167317057
-4986994204162656490
6444403493115971230
-8513614630779696466
6468875614594318795
3795001866715891881
-7069205194849820114
-6598242125610691272
6359278215573222059
-6297477933076493210
-7478703373230770008
4721612084296620927
-238380810631947993
-2698366932451210293
4888590479074403096
-8926160228483631391
32157310200507770
6290709698353551066
4488450173399500881
1458095370421637687
-8853357925437624451
2474828906448763432
3389752272099897005
-7855306077481482575
3680360640328585549
6418721124612001512
6071853090787583480
-5848111567763080515
8330732977154720383
1522858808503236450
4690020144728199841
6011852154262266861
-1039858214192822561
-2388854553149552311
6778335230308340390
-2513715899276274971
1097209738043576283
-4351128084556200602
-8424649380506336142
7130971957106601245
-8327073449578652073
5438441776584602728
-2256108840069472644
-6424866709457598922
-6665050330359197183
-8435830526419234683
6634487362576229953
-376867882547144922
5694327928324233433
4858939924883395394
1141421863152804269
1522896176578130717
-6726881771589593362
7080247257875832185
6515652637330767529
-23972788785503896
8330444613237566327
5452133427703572987
5451809100254110554
-6887974039860121411
5267088357034472605
5795439714203667243
3658985980771588561
60034485919646179
-6628722011521947679
-3516845649661335210
8008652840577257877
2605983761632899462
-3689387303322036685
-563390153655710250
3063185166460299786
-2533665392317073278
-2171241878282760967
-1491645837151842142
-1786591180219591119
-5019553760364625880
-1658614483420279319
-1935403380021325966
-3885822837215204008
-2035793951333704829
-816959905164998422
-5500851865570346675
-6858294351058408296
4715271048469887093
9038738054461071043
8732630212105484434
-4904811656277145267
-7780218589189555930
-8263980794945076032
-6876820736721015494
1997403278915937076
-6229099347175713350
-8037550810727811586
-4977495789304942362
3574068697852510144
-3195071031924634623
3418357584252107957
1385087354799584469
-8884258513602941948
-7909781054509733621
5823096919088997834
-3958359862287242887
-126658277575036103
-919054877770210457
2134449771658396827
5081814825621226394
-2905422535508356728
6735617033133272918
-7903534931972406823
-4551619417263198294
-9144641304562857024
-7913783764962030807
6455922607800359064
-136884179766062436
-8743150573578439017
7914910845182615862
2849584796092768049
-4941589831518620487
4328518699528112652
1896885776668944844
8849105399004068558
-5572039274349243728
-6404160711070053302
-1747581823314320177
607305733164029974
-4214822391417790037
1982641464397244017
6723500657170242404
-1517260314376670064
5380112983146000542
4842403886854324691
5944819130320530344
-5778669291350358628
-1221968114991198885
7165267512773196825
-4599717550210241185
3183052859040601153
-8624274347393434225
-2846489116401403350
4066607908633498819
-8063747600948232698
-2966581419359872490
-4620108599669956311
-7416732488488962243
6101037163597345366
6630705999381981476
-7790253117969487074
-5632015441634096286
8247933864990942036
-503161479358171315
6117526357594869960
8133450531681987717
1651559853817255965
-4553131552954369305
6913938427788892817
-4545150333150271533
-7596472384865313879
3600038907247325407
-378369744667093917
-7319041319223223101
-8885130322945026476
3370831472776189475
8175174967277574176
773801900628872579
-3256177365945261054
-2909148687159296604
-4690280922002769650
217031869655972336
-3649780941642537873
-406159870366214236
-7457286636822766131
1846583062814740318
-5951402783334323411
4355392646852906957
4462914306996508557
-6504989963596612419
7778077969848571251
8426623706747645497
5274316559933349033
6399965433295307563
-8259264144073216573
-633109272236575604
7799975840257509429
3703534156624014591
8377031816271957641
8038992388927090264
2963370427742664948
-5286666980390706378
-1583745758920587040
4941852743226225416
3330080970779812195
-6121030425298768182
8236267025565327914
4382066764144775191
3904514797936629154
6097025069667264800
-55115976603548790
7580968540093759058
-4826219993890915747
-2115832552239011001
3818264218061559677
-6465022021151572731
8517149766877044124
999449939245497260
1084278783679982973
-4243349076901372882
-4839481351454461293
-6681307363797098832
-3833489944482692484
8899583406171995781
6630047571456863154
7356283956579223184
1398695068047176524
1062978608219043041
1815005199837671475
6634498745264666214
4756811202890114535
-1051202881197987420
-224979330495538220
7835710578459492733
4391370961236842348
-8921879212190851597
3637974765869570236
4578628401881477093
7677652755947205980
458752176053871331
7860773078195456475
2142442646923916563
8227580217784661425
358021323840399550
-1939426933376415560
-5911980967474070320
5251078530290561601
689373590252765326
5167205814309526060
8537719898299839037
-7416668701759132111
8831667263198429705
5882391937861682518
-8409599307097343579
7208625786121039050
2121690394445805541
7108633353203178341
-7288873381300404011
-2243530683110550036
-6009553890068163261
1575416677996499315
8859241608576984531
7739956444760326030
-5490486020566111161
-3645358299052005386
4689349298357600674
-5478881709433500336
-2939832925136928011
1053314305750088003
3460382703436536483
-2227512291696813289
-2829346565791814745
-6792049992554898129
2688476625159222795
-6452724671545332464
-8702498355978545543
2130633162226778142
-3873226014923802941
3989086681877881926
-4233822575694767899
5494636154983452765
-7534058928311691027
-8477506137206805044
7469120004542859747
5166130485329290120
-6026364856509307320
724617119010592217
-3903406225374440059
181318722376753731
6380368035737115598
5862204473208769843
-5121984441193964932
-5182861049009395947
-6359516740351091234
6959064913830730333
8597461636144353326
5878160664260649563
-7024964036033986591
-8230879173969567355
5753942120811210062
4480769559611228302
7609757665755896136
-173382338668581414
-1028328928932593069
-206813196644676184
3915364156885709664
-1531219153040625146
-5601291463151005790
-5386273684863625514
8179392047299326530
-4762148952970997490
-2076452025821137538
8281040580918725921
-4074885431112248152
-341968067302404845
7375772338377612410
-9168335875264199211
8042015243051140435
8869806417551570467
-500194999212627189
1261002756874467290
925154032992101702
3789828227623747673
3475940630211434919
-1556914638025651865
-670157515488983558
3145821249460095955
309756962537106576
-4429158994649666194
9036025929716269494
7184268875407083408
-3197462769136603647
-3842068895764883378
2842557266760280292
-7958402357537150948
-7178171084660701860
7027469623236123904
1722641866812762089
-1926748338331414167
-7099857357146132201
1727762806033662417
6594755939816487968
-5937253764496885206
7671485499454609267
-6732112892225319500
6194090975234263277
-2428582662416276296
-5507678553992361887
2885812947459283288
2166409800422967119
7162114718531755362
36478884358694965
6242585429592883413
2924610007842611810
-4009561619639338437
-4272619264867251291
-7868962721079539454
8112721911544590681
-4686264337278790825
-4985586052626415998
4612068070794013608
6078734816432001404
-5009635253595189414
7414896862618601969
-7757727978901049687
-1001027633736527345
-2655147585607390992
4528397282852541051
-3531536755396453727
-7921999940387132376
-7426272465641391921
4640608998337797080
-898636555929821024
4553096813429399284
-8783883147322851921
2499722834622117552
-8183340454706726374
91234467022413229
-4262522027761920805
2540356751533791598
-7487617246288669675
-7884750251581799513
19292533627869131
6246892581862021430
2590987680984920448
6380523984775009782
6336947870335966993
1414843377087821287
4232102524703305317
4613560546572324593
-3891663864530690010
-2800410996303449525
1205325716821983726
-7924000039978688465
-6121686876950733825
-8810829432804120722
-7975214913046744021
-6287110162689014527
974809007715946540
4150866817543833921
7970138654689243512
-4744236182245634394
612691844641989821
-7371735304568086272
2724182220013006407
-2579180744200824995
-5075622329055018414
1081916413678468824
7658113232879877803
-8661986194242730734
-4945697190488352209
6990257583495615354
8072293518087228204
-7614317399951106177
-108638451995874397
3280908777329214180
-3208680779042294635
-1439819361068037509
6727991038249099521
6328048409472089481
-1371458450915918297
-8310492105009413228
-5535698090589605779
-7914067069731460052
8106164025966529371
-2469365526911156541
-2566540065362232533
2290662380273542251
-2719107594904919588
1005483815248384768
-761249058378203148
-5797597378729708907
-6481071391129148785
9182999496302918911
8841386988548939463
-6625466275285611477
-8256882876965453770
-3226939616095547279
-4485600778472591191
6824818152290472194
1775712845066880322
-3481684744059724863
-2875781517448578892
-4797993836591312478
-4219715371508036116
-5381604099943877567
7871788466282470079
-5184359895064301288
1554546834256292446
-7703789750727427758
4533154168869300670
-6774870849556513029
7553114540181366622
5494130594522724035
-4581247574395728318
-4015762264022684463
3461463809219591023
5157790359379351010
-8781454088792247903
3098348033940651427
1300391846995307834
4069007721914626063
8577401790457695762
-3599191472475640101
8796138751783526334
-1267619953843670550
-5817698211273381314
2665567765185528285
-3321276561382132502
-847851889676066741
-2630093098027570950
-7489968637331356836
4181200501696636820
-6729161298058152691
-2456302910320068445
4275354441372634912
-5851559174566210786
-6870907215811257342
187418809544055925
8220333513771198331
6562618866321950010
6776180579842215005
-2114274288839233735
4394399509585172350
-5818489503583318504
-6730608383224837443
-8747729830561837978
512730287190522333
5349099479843181982
-216166181091697923
-3495235152618074468
-3090517383082741024
-1353332621595608648
5489131386398617431
5100302091848190143
-3179431483536564138
-2894167943147932604
8015310798498942986
-6681769164435624140
-5812983158635275277
8740997283258136685
5835760200845120330
6637733806203092342
1063499434015914260
464236345294728797
378924944544677535
-5701115456486865835
1911232519015962500
-6717011267667674814
-6142868940046305699
434544012650809095
2817606389117593422
-6742723669890210123
728113658309177754
-264923420121121214
-6041235340126586729
-3168500665295913960
7793892910428437899
224377579458771968
-859463764113088568
3415139504334437290
-6675699021395883023
-97819653547956178
-2729310082837911734
-3386829607453911702
-1093370645535653766
-8114461745468567124
1377831874064447573
-7787469376349117156
8546590387033807617
4887244803291698294
-4589190535221734670
6928374752748638108
-1139449280992270595
6596729309045808354
-8402786640858994936
-6824701950502193300
-6034619872382141030
6723043354848811457
-6117160174388678645
-7950063102887112111
-2616866223623612885
4010490116490938633
-1557607743571300480
-1413187965274252805
-2292729314018886902
-2932080992516228927
-6648900152634804560
8456332345078992914
-9140306548239522499
-7681477351434493431
3713348778228326072
7179107029253647795
3775263848740344334
-16322497970410807
6681784099724225572
109508699555380884
-8789906155790540909
1985761126781142488
7534430068153040690
-5911782342307778140
8189374929649964951
-4400163403999431642
4860483045001578877
2407501830168469530
-4720981416342338939
3854277157232548297
7083055759615653852
9058510218213779692
532270857239928929
798603082239401259
8629172044700077163
-1099762462334946274
-3942769803589903680
4339322422574920969
6395208549319903015
8178606881142388419
-5249577487072263443
5567479246977350797
2203067505899942428
-8813542352960020170
-3627195549899553281
-2070725491359106976
2329305674696894421
8390410411189036180
6364382570634438835
-6855065815281321443
6871260749992705034
7186998715367844234
-4516679457974378551
-2907727089416661449
132736365098201445
1873071474293320538
6933480894918581052
-1141799629949532616
3274618336136147132
8064075354329556028
5936923409069176169
-202608431672177258
-5228303457838100632
-219402219993723289
-6677658105454562790
5346939409367248031
-1866514594178033573
