8879001618622963452
429784743862726384
3500156834605080178
-4233822575694767899
4578628401881477093
6773601925877169955
3904865047636297131
2803699522908492652
8342127734388845095
-5075564149546654125
-6603807615347465860
7165267512773196825
-6815204040069315641
7458012835925679142
-8259264144073216573
-1867839594580153259
1559648765170008644
8426623706747645497
1062978608219043041
4462914306996508557
-5142071417379466060
3460382703436536483
-2946527819294727436
8236267025565327914
-6845629333388067679
2365536730011107255
-5478881709433500336
-8393348960612291546
8223832200397262981
6029744164546782077
6572281498440243579
8735271597903288119
-6303910478071389829
689373590252765326
-6465022021151572731
-8218977159935493465
4465949004344629043
6583781922312940222
3433338193152391060
-3873226014923802941
-6486536035355598897
309756962537106576
2140602809158246297
-4440490177599544876
-5612076186000644773
-5943417728644943031
7141182521663590174
-4625645620954937442
-7288873381300404011
3297040695482427992
-9090382374393439166
-5165688187490199752
-2428787786636384741
-904661996717446652
8206108270584286854
3135474846047620588
7739956444760326030
-7178171084660701860
-2909148687159296604
-5601291463151005790
-55115976603548790
3399916696199362718
2842557266760280292
1591978983373741845
-2520098908504139614
-5490486020566111161
6082160037261116567
6745826435029570900
4553096813429399284
7162114718531755362
5370852702176510847
-2085025852757681018
-7099857357146132201
-2428582662416276296
5078740414195711635
2166409800422967119
-6287110162689014527
1727762806033662417
1569118377874227096
1414843377087821287
-3040199924479239608
-2130887241442181697
-5507678553992361887
8872508038900025714
3295778378238633542
-5797597378729708907
132736365098201445
2724182220013006407
-6481071391129148785
-1353332621595608648
-4516679457974378551
8840990265963163195
-7614317399951106177
-108638451995874397
9147728680257643387
-7530413902654203228
-929468764316256007
-7950733840685719063
6214803898613065187
944623005278389159
1554546834256292446
-7371735304568086272
7908589873669908368
-7921999940387132376
-6675699021395883023
-6142868940046305699
3502676190559966061
-8891576471839021445
