545702619356119891
553627533422659245
-231136394194981719
-3091061312794574247
-3866760402242128964
-4200731822819946681
-5355076076891543691
-3512397967423374803
-5508387281010597512
-8517569268635804436
3535065440267478920
8209994272622119359
4093156632612084833
7807626734732344893
2424441315326906444
-9076107820172883703
3194073889762603521
7656196997344940947
5595686608632629897
-4793609137643789517
-2254506781601596960
-8129730171430563803
2039660103668340955
331488291868112842
3784964002270170108
624581134431611377
-2672910028386462298
-1399826452606818972
-4836486331909144119
-5948802575186650791
3017365446223544564
-1699661591520011886
2264966528586066068
-4918413866155194835
2539265119761348090
-9043736648462449445
-5835960469952199631
-1181858787884831650
957761555640769763
5061013762026497798
1285219475844288237
8129254969810941259
-25616001490522100
3648428088879205638
4623555268818277790
4613813777228336639
-1214104336670933034
3317902793191877312
2194269076478155646
-6901360551294178371
6875251280777354137
3459082007730224561
-5854433657314222617
954477745494198810
867742883853993079
6891847710477788030
-5030159206326481922
-6090836645231485813
-4022701185051790715
-3659947606267584773
-3452705500166896685
-5769539541240502682
878812217348569370
-588805356382311857
4888590479074403096
7095513010014528902
-3061590208137797516
2474828906448763432
5556996093738979729
-668087893703034647
-4271000560098737380
-3142485033118337438
7604929432517717970
4657813734635134201
-7033227874406321599
433220285626117825
-6577442869455283739
-9204966960813362538
144502277604908872
7074845315125634737
4795517983374936606
-6628722011521947679
-1122760597759585676
-3349337966872941073
-5019553760364625880
3477012477214603966
6277963337292823706
6061609031065226317
-5330023274605787211
-1412727902844157337
-3627195549899553281
-1409529107416301256
8097567181672421242
603844530260416371
-2034873901658503258
7727977937844126116
225736430488592045
-1820661534518306305
-5500851865570346675
-7079420705678771091
