1953423698358987110
7925517151324698348
271320026195882530
615849728790264667
2979236893296926050
116201023101453084
7725514333755205036
1055048831513197639
2953040274457268974
-3582843662624983298
-212477262922038220
-8469071122201768003
-7962122537965331477
4911740028428814632
-7435979553203096184
8727943877895838350
3402829911753880393
8308683508822170135
-1130743158295464205
3815920925747774593
-766554163761672574
-4767739508576272243
8625391095590780131
-2418714816752534827
-4063770672702389937
-1027111336172572060
-1610235242304260878
6046896424478532663
-7719080466991273886
-339708881515518021
-2106239060555632748
6901276221184294492
-5917243387205095243
-849752420411798848
3068833218924532029
-3621718393380235774
-3873133820559940964
-2817613548194644978
-3963767646699497597
5726861157704492687
-1778813581784231264
-1560183518977017597
-6889786814674645877
-3372604999575212395
7425381843177165570
5620434724569443857
-5559951966897638720
8578881938346196938
6676977092889541756
9149047889448045008
-1192917852668306647
2521981034046972121
3316974195002432771
5211795028609473266
1774463976856293719
2931158893214031562
-8435357731142547991
-508818149025190576
-4010590464880932906
-8542832656515125958
-5009286746614573555
-8491141875929834497
3936078174424491085
-3400153883676254310
-7486112511013165289
-3364781879281864597
-5271602867698635644
-5908517594782296115
-2775097565719244950
-3344378147231736090
1536886343590509489
-5418748244244678297
7250724516786260290
-3810898497026679554
263072387594532647
7200617992321844453
2069512203308686474
-2982572457044145429
5070303670278597205
-8568307902665520179
2159086644058109626
8748733698112729544
-8938194639146381562
-926170132326619510
-6534399080890848814
6005640912235980216
-8727938959076657762
849846152445176771
5134904620936576327
-3074584010350758409
-8962216046657455569
-3602665569194083909
698920226001709145
5274081231160005858
1360856101555325486
-3158939301005495468
3059681226013774330
-7282951644423269089
5831104630502039310
1929196867658650883
